expLegend={};
expLegend{1}='AUTO CT\_REL PR\_BOTH KL TRANSFER';
exp0(1,1)=0.4500017178588608;
exp0(1,2)=0.44507592936164353;
exp0(1,3)=0.5568450255318937;
exp0(1,4)=0.6242058806993867;
exp0(1,5)=0.6429288304288308;
expLegend{2}='HC\_MF PR\_BOTH KL TRANSFER';
exp0(2,1)=0.4116885759742902;
exp0(2,2)=0.43412150588874704;
exp0(2,3)=0.5085489232989235;
exp0(2,4)=0.6199521888645255;
exp0(2,5)=0.6025098121251966;
expLegend{3}='HC\_MMF TRANSFER';
exp0(3,1)=0.45302660302660286;
exp0(3,2)=0.46284849625971103;
exp0(3,3)=0.5668512968512961;
exp0(3,4)=0.6135832061156725;
exp0(3,5)=0.6490765082870347;
expLegend{4}='HC\_MMF NOTRANSFER';
exp0(4,1)=0.5104379747236889;
exp0(4,2)=0.5228861999890037;
exp0(4,3)=0.5955113220113213;
exp0(4,4)=0.6421508686119068;
exp0(4,5)=0.6588408667356034;
exp1(1,1)=0.14047619047619048;
exp1(1,2)=0.19413990402362497;
exp1(1,3)=0.15814512471655312;
exp1(1,4)=0.23865079365079364;
exp1(2,1)=0.2069191919191919;
exp1(2,2)=0.23145141895141894;
exp1(2,3)=0.22125893769152197;
exp1(2,4)=0.2446969696969697;
exp1(3,1)=0.22055555555555556;
exp1(3,2)=0.17394879022786;
exp1(3,3)=0.388365600448934;
exp1(3,4)=0.4787878787878788;
exp1(4,1)=0.2741666666666666;
exp1(4,2)=0.25685929058022083;
exp1(4,3)=0.42443041526374875;
exp1(4,4)=0.4558080808080809;
exp2(1,1)=0.23019480519480517;
exp2(1,2)=0.23101871247032538;
exp2(1,3)=0.3072705260840854;
exp2(1,4)=0.3177740288034408;
exp2(2,1)=0.23271205918264742;
exp2(2,2)=0.2377892559211239;
exp2(2,3)=0.2926774470739989;
exp2(2,4)=0.31973458640125313;
exp2(3,1)=0.29252446899505724;
exp2(3,2)=0.29328406416035263;
exp2(3,3)=0.3346880726982771;
exp2(3,4)=0.41535227939448743;
exp2(4,1)=0.2852846499905324;
exp2(4,2)=0.3176430385193271;
exp2(4,3)=0.3817925555170457;
exp2(4,4)=0.40376276861666516;
datapoints=[];
datapoints(1,1)=2;
datapoints(2,1)=3;
datapoints(3,1)=6;
datapoints(4,1)=11;
directory='/root/source-code2b/experiments/../arf.experiments.wifi/housedata/output/matlab/';
houseName=' A, B, C';
exp=exp0(:,1:4) + exp1(:,1:4) + exp2(:,1:4);
exp = exp./3;
addpath ../../input/matlab/
run ../../input/matlab/saveplot;
