expLegend={};
expLegend{1}='AUTO CT\_REL PR\_BOTH KL TRANSFER';
exp0(1,1)=0.4622414622414622;
exp0(1,2)=0.4169269222840648;
exp0(1,3)=0.4405829580072006;
exp0(1,4)=0.5233779159674923;
exp0(1,5)=0.6299545982472813;
expLegend{2}='HC\_MF PR\_BOTH KL TRANSFER';
exp0(2,1)=0.4262221905079048;
exp0(2,2)=0.4283969146118677;
exp0(2,3)=0.4264106759090035;
exp0(2,4)=0.5093518584590008;
exp0(2,5)=0.6272930655842046;
expLegend{3}='HC\_MMF TRANSFER';
exp0(3,1)=0.4370082298653727;
exp0(3,2)=0.41585163807386005;
exp0(3,3)=0.45657775970276;
exp0(3,4)=0.5333101422387134;
exp0(3,5)=0.6442376337113178;
expLegend{4}='HC\_MMF NO\_TRANSFER';
exp0(4,1)=0.4797284725856154;
exp0(4,2)=0.5109078421578421;
exp0(4,3)=0.6061814499314493;
exp0(4,4)=0.6396158224891985;
exp0(4,5)=0.6626840021576862;
exp1(1,1)=0.13253968253968257;
exp1(1,2)=0.20304834054834053;
exp1(1,3)=0.16078444269051992;
exp1(1,4)=0.20115079365079364;
exp1(2,1)=0.21409090909090905;
exp1(2,2)=0.184366391184573;
exp1(2,3)=0.22156043190525948;
exp1(2,4)=0.31878787878787873;
exp1(3,1)=0.25999999999999995;
exp1(3,2)=0.20051627384960713;
exp1(3,3)=0.24746212121212116;
exp1(3,4)=0.398989898989899;
exp1(4,1)=0.2933333333333333;
exp1(4,2)=0.30674523007856336;
exp1(4,3)=0.39043560606060607;
exp1(4,4)=0.4558080808080809;
exp2(1,1)=0.2213585434173669;
exp2(1,2)=0.25577849117174956;
exp2(1,3)=0.29723154362416115;
exp2(1,4)=0.3652850396356895;
exp2(2,1)=0.2795266824678589;
exp2(2,2)=0.2748811373811372;
exp2(2,3)=0.28431846898745855;
exp2(2,4)=0.29608792401952;
exp2(3,1)=0.25898807075277663;
exp2(3,2)=0.27012261465386467;
exp2(3,3)=0.3122118215868218;
exp2(3,4)=0.3739725053450546;
exp2(4,1)=0.2698154786390081;
exp2(4,2)=0.3036766474266473;
exp2(4,3)=0.3817202973452977;
exp2(4,4)=0.4217270928055243;
exp3(1,1)=0.16590964590964588;
exp3(1,2)=0.23118991485510185;
exp3(1,3)=0.23996153811849655;
exp3(1,4)=0.2405919248609312;
exp3(2,1)=0.2758018833018833;
exp3(2,2)=0.23917764711309392;
exp3(2,3)=0.33610401262023964;
exp3(2,4)=0.36072011217584554;
exp3(3,1)=0.2608251724195997;
exp3(3,2)=0.2866084516942154;
exp3(3,3)=0.37615846337646003;
exp3(3,4)=0.4168944494997401;
exp3(4,1)=0.3047272478696627;
exp3(4,2)=0.306788856278665;
exp3(4,3)=0.37594777222739445;
exp3(4,4)=0.40528771332346625;
exp4(1,1)=0.22452084952084952;
exp4(1,2)=0.26512043794178863;
exp4(1,3)=0.28213818119950806;
exp4(1,4)=0.2862125669110962;
exp4(2,1)=0.2669325881090587;
exp4(2,2)=0.2885301972279524;
exp4(2,3)=0.382018482530883;
exp4(2,4)=0.42618587711363126;
exp4(3,1)=0.22483545865898805;
exp4(3,2)=0.29619563546406424;
exp4(3,3)=0.3906350631210824;
exp4(3,4)=0.41269243811578954;
exp4(4,1)=0.22692462765992177;
exp4(4,2)=0.289025151236618;
exp4(4,3)=0.3746117079666167;
exp4(4,4)=0.4134943809409052;
datapoints=[];
datapoints(1,1)=2;
datapoints(2,1)=3;
datapoints(3,1)=6;
datapoints(4,1)=11;
directory='./';
houseName=' A, B, C, D, E';
exp=exp0(:,1:4) + exp1(:,1:4) + exp2(:,1:4) + exp3(:,1:4) ;
exp = exp./5;
run saveplot;