expLegend={};
expLegend{1}='ATRANSFERO CT\_ABS PR\_BOTH SSE ONLY\_TRANSFER';
exp0(1,1)=0.43579184704184704;
exp0(1,2)=0.4285196983310189;
exp0(1,3)=0.5439883176184546;
exp0(1,4)=0.623831777890218;
exp0(1,5)=0.7035372035372035;
expLegend{2}='ATRANSFERO CT\_REL PR\_BOTH KL ONLY\_TRANSFER';
exp0(2,1)=0.4199099841956985;
exp0(2,2)=0.4477544929817657;
exp0(2,3)=0.5131409331409332;
exp0(2,4)=0.5933381823803899;
exp0(2,5)=0.6354112554112555;
expLegend{3}='ATRANSFERO CT\_ABS PR\_SP SSE ONLY\_TRANSFER';
exp0(3,1)=0.3750652786367072;
exp0(3,2)=0.39767249211693645;
exp0(3,3)=0.4110931339192211;
exp0(3,4)=0.4124991801128165;
exp0(3,5)=0.47259056732740945;
expLegend{4}='ATRANSFERO CT\_ABS PR\_SP KL ONLY\_TRANSFER';
exp0(4,1)=0.4101010101010101;
exp0(4,2)=0.4888455988455987;
exp0(4,3)=0.5489261945783683;
exp0(4,4)=0.6470371619722256;
exp0(4,5)=0.7430783397888658;
expLegend{5}='ATRANSFERO CT\_ABS PR\_BOTH KL ONLY\_TRANSFER';
exp0(5,1)=0.44931972789115643;
exp0(5,2)=0.4172769636072386;
exp0(5,3)=0.5344241794745153;
exp0(5,4)=0.6176449092033497;
exp0(5,5)=0.6938943001443002;
expLegend{6}='ATRANSFERO CT\_REL PR\_BOTH SSE ONLY\_TRANSFER';
exp0(6,1)=0.4418367346938775;
exp0(6,2)=0.43593700985005307;
exp0(6,3)=0.5397496392496389;
exp0(6,4)=0.6042420482159891;
exp0(6,5)=0.6341398680684396;
expLegend{7}='ATRANSFERO CT\_REL PR\_SP KL ONLY\_TRANSFER';
exp0(7,1)=0.43593073593073595;
exp0(7,2)=0.4185661560661559;
exp0(7,3)=0.47697440980269246;
exp0(7,4)=0.5924638427081416;
exp0(7,5)=0.6025988902277561;
expLegend{8}='ATRANSFERO CT\_REL PR\_SP SSE ONLY\_TRANSFER';
exp0(8,1)=0.4566154744726173;
exp0(8,2)=0.4249659863945576;
exp0(8,3)=0.5481975843086947;
exp0(8,4)=0.6259254183767161;
exp0(8,5)=0.6558612635932225;
exp1(1,1)=0.23007936507936505;
exp1(1,2)=0.17407407407407408;
exp1(1,3)=0.18455841638981155;
exp1(1,4)=0.18686507936507937;
exp1(2,1)=0.14999999999999997;
exp1(2,2)=0.181708238851096;
exp1(2,3)=0.19310064935064924;
exp1(2,4)=0.18686507936507937;
exp1(3,1)=0.24932539682539678;
exp1(3,2)=0.18777056277056275;
exp1(3,3)=0.17035082972582957;
exp1(3,4)=0.16453634085213031;
exp1(4,1)=0.14285714285714285;
exp1(4,2)=0.1704906204906205;
exp1(4,3)=0.19579715864246236;
exp1(4,4)=0.20115079365079364;
exp1(5,1)=0.20793650793650792;
exp1(5,2)=0.1244318181818182;
exp1(5,3)=0.18271193092621643;
exp1(5,4)=0.18686507936507937;
exp1(6,1)=0.12222222222222223;
exp1(6,2)=0.17672572905131043;
exp1(6,3)=0.1740044555834028;
exp1(6,4)=0.18686507936507937;
exp1(7,1)=0.20753968253968252;
exp1(7,2)=0.21676587301587297;
exp1(7,3)=0.14775698158051087;
exp1(7,4)=0.19757936507936505;
exp1(8,1)=0.26186507936507936;
exp1(8,2)=0.1499911816578483;
exp1(8,3)=0.19411878881987574;
exp1(8,4)=0.17436507936507936;
exp2(1,1)=0.1877435064935065;
exp2(1,2)=0.24538161957516796;
exp2(1,3)=0.2699269325557986;
exp2(1,4)=0.35718818519143186;
exp2(2,1)=0.19208683473389354;
exp2(2,2)=0.25905693144065234;
exp2(2,3)=0.2833013075360015;
exp2(2,4)=0.284632034632035;
exp2(3,1)=0.18277947542653422;
exp2(3,2)=0.2813085744664691;
exp2(3,3)=0.38198538283862493;
exp2(3,4)=0.43395741970660506;
exp2(4,1)=0.1410618792971734;
exp2(4,2)=0.2080266955266955;
exp2(4,3)=0.2857791723563537;
exp2(4,4)=0.34087994886040485;
exp2(5,1)=0.14677234530175703;
exp2(5,2)=0.26225166951911144;
exp2(5,3)=0.26754145508470784;
exp2(5,4)=0.3568632166671382;
exp2(6,1)=0.17918258212375857;
exp2(6,2)=0.22188483864620226;
exp2(6,3)=0.27697870957256626;
exp2(6,4)=0.28536406216734084;
exp2(7,1)=0.2389164756811816;
exp2(7,2)=0.21383208989591973;
exp2(7,3)=0.27338689559028556;
exp2(7,4)=0.3174772939478821;
exp2(8,1)=0.27610771581359816;
exp2(8,2)=0.2411659768802625;
exp2(8,3)=0.30986215538847134;
exp2(8,4)=0.31416793990323405;
datapoints=[];
datapoints(1,1)=2;
datapoints(2,1)=3;
datapoints(3,1)=6;
datapoints(4,1)=11;
directory='/root/source-code1b/experiments/../arf.experiments.wifi/housedata/output/matlab/';
houseName=' A, B, C';
exp=exp0(:,1:4) + exp1(:,1:4) + exp2(:,1:4);
exp = exp./3;
addpath ../../input/matlab/
run ../../input/matlab/saveplot;