expLegend={};
expLegend{1}='AUTO CT\_REL PR\_BOTH KL TRANSFER';
exp0(1,1)=0.4223300970873786;
exp0(1,2)=0.44482522275531183;
exp0(1,3)=0.5548547400611621;
exp0(1,4)=0.6227662431566987;
exp0(1,5)=0.6473537604456825;
expLegend{2}='HC\_MMF TRANSFER';
exp0(2,1)=0.4549763033175355;
exp0(2,2)=0.48129851799576573;
exp0(2,3)=0.5637403897729304;
exp0(2,4)=0.6186512815662537;
exp0(2,5)=0.6243321002877107;
expLegend{3}='HC\_MMF NOTRANSFER';
exp0(3,1)=0.4881516587677725;
exp0(3,2)=0.5208186309103741;
exp0(3,3)=0.5843018058287145;
exp0(3,4)=0.6404048046911945;
exp0(3,5)=0.6489930127414715;
exp1(1,1)=0.22727272727272727;
exp1(1,2)=0.20224719101123595;
exp1(1,3)=0.1743486973947896;
exp1(1,4)=0.25;
exp1(2,1)=0.25;
exp1(2,2)=0.23098591549295774;
exp1(2,3)=0.4059853190287973;
exp1(2,4)=0.48;
exp1(3,1)=0.34375;
exp1(3,2)=0.30422535211267604;
exp1(3,3)=0.44776962168266515;
exp1(3,4)=0.48;
exp2(1,1)=0.1956521739130435;
exp2(1,2)=0.2649484536082474;
exp2(1,3)=0.32105599318714073;
exp2(1,4)=0.31112661318451346;
exp2(2,1)=0.22699386503067484;
exp2(2,2)=0.31400535236396077;
exp2(2,3)=0.3475854170643253;
exp2(2,4)=0.4096638655462185;
exp2(3,1)=0.2331288343558282;
exp2(3,2)=0.3264942016057092;
exp2(3,3)=0.4035121206337087;
exp2(3,4)=0.4338735494197679;
datapoints=[];
datapoints(1,1)=2;
datapoints(2,1)=3;
datapoints(3,1)=6;
datapoints(4,1)=11;
directory='/root/source-code2c/experiments/../arf.experiments.wifi/housedata/output/matlab/';
houseName=' A, B, C';
exp=exp0(:,1:4) + exp1(:,1:4) + exp2(:,1:4);
exp = exp./3;
addpath ../../input/matlab/
run ../../input/matlab/saveplot;