expLegend={};
expLegend{1}='AUTO CT\_REL PR\_BOTH KL TRANSFER';
exp0(1,1)=0.4093567251461988;
exp0(1,2)=0.44977843426883307;
exp0(1,3)=0.5515336254524671;
exp0(1,4)=0.625;
exp0(1,5)=0.6323616894705533;
expLegend{2}='HC\_MMF TRANSFER';
exp0(2,1)=0.4117647058823529;
exp0(2,2)=0.48249027237354086;
exp0(2,3)=0.5585729499467519;
exp0(2,4)=0.6133067955644015;
exp0(2,5)=0.6374594343996292;
expLegend{3}='HC\_MMF NOTRANSFER';
exp0(3,1)=0.48128342245989303;
exp0(3,2)=0.522697795071336;
exp0(3,3)=0.5965566205182818;
exp0(3,4)=0.6370012321107004;
exp0(3,5)=0.6476587853500232;
exp1(1,1)=0.24561403508771928;
exp1(1,2)=0.19801980198019803;
exp1(1,3)=0.16759002770083103;
exp1(1,4)=0.24193548387096775;
exp1(2,1)=0.3150684931506849;
exp1(2,2)=0.24855491329479767;
exp1(2,3)=0.41379310344827586;
exp1(2,4)=0.4632352941176471;
exp1(3,1)=0.3698630136986301;
exp1(3,2)=0.29190751445086704;
exp1(3,3)=0.44170771756978655;
exp1(3,4)=0.5073529411764706;
exp2(1,1)=0.2679738562091503;
exp2(1,2)=0.2467005076142132;
exp2(1,3)=0.318934787167121;
exp2(1,4)=0.3217155143148127;
exp2(2,1)=0.2569444444444444;
exp2(2,2)=0.29110512129380056;
exp2(2,3)=0.34656431379891406;
exp2(2,4)=0.4104882459312839;
exp2(3,1)=0.25;
exp2(3,2)=0.3288409703504043;
exp2(3,3)=0.41321849840853775;
exp2(3,4)=0.44062688366485836;
datapoints=[];
datapoints(1,1)=2;
datapoints(2,1)=3;
datapoints(3,1)=6;
datapoints(4,1)=11;
directory='/root/source-code2c/experiments/../arf.experiments.wifi/housedata/output/matlab/';
houseName=' A, B, C';
exp=exp0(:,1:4) + exp1(:,1:4) + exp2(:,1:4);
exp = exp./3;
addpath ../../input/matlab/
run ../../input/matlab/saveplot;