datavalues_of_tr= [NaN, NaN, NaN, NaN, NaN];
datavalues_of_notr= [NaN, NaN, NaN, NaN, NaN];
datavalues_hf_tr= [0.494345238095238, 0.5035353535353535, 0.5088171088171087, 0.5976596635687546, 0.6323466506393335];
datavalues_hf_notr= [0.494345238095238, 0.5186868686868686, 0.5862100862100861, 0.6246021655112565, 0.6449009662424299];
datapoints = [1, 2, 5, 10, 20];
directory='./';
filename='plotA';
addpath ../../input/matlab/
saveplot;