datavalues_of_tr= [0.5613431013431013, 0.6225894475894475];
datavalues_of_notr= [0.633965293965294, 0.6357259407259406];
datavalues_hf_tr= [0.5613431013431013, 0.6225894475894475];
datavalues_hf_notr= [0.633965293965294, 0.6357259407259406];
datapoints = [4, 9];
directory='./';
filename='plotA';
addpath ../../input/matlab/
run ../../input/matlab/saveplot;