datavalues_of_tr= [NaN, NaN, NaN, NaN, NaN];
datavalues_of_notr= [NaN, NaN, NaN, NaN, NaN];
datavalues_hf_tr= [0.3324786324786325, 0.3357697857697857, 0.2738072113072113, 0.3931885034157761, 0.4587228131345778];
datavalues_hf_notr= [0.35747863247863243, 0.38021423021423023, 0.3322487697487697, 0.4418071827162736, 0.43747592277004044];
datapoints = [1, 2, 5, 10, 20];
directory='./';
filename='plotC';
addpath ../../input/matlab/
saveplot;