datavalues_of_tr= [NaN, NaN, NaN, NaN, NaN];
datavalues_of_notr= [NaN, NaN, NaN, NaN, NaN];
datavalues_hf_tr= [0.30625, 0.0707070707070707, 0.40686026936026937, 0.4787878787878789, 0.4787878787878789];
datavalues_hf_notr= [0.35902777777777783, 0.18863636363636363, 0.417276936026936, 0.4558080808080809, 0.4558080808080809];
datapoints = [1, 2, 5, 10, 20];
directory='./';
filename='plotB';
addpath ../../input/matlab/
saveplot;