datavalues_of_tr= [0.22569444444444442, 0.2771344396344397, 0.2575396825396825, 0.29182080545716915, ];
datavalues_of_notr= [0.2534722222222222, 0.33612914862914867, 0.31240079365079354, 0.403063098517644, ];
datavalues_hf_tr= [0.3125, 0.29565295815295817, 0.2762896825396825, 0.3112045782500328, ];
datavalues_hf_notr= [0.2534722222222222, 0.33612914862914867, 0.31240079365079354, 0.403063098517644, ];
datapoints = [1 2 5 10 ];
directory='/run/media/root/ss-ntfs/3.Documents/huiswerk_20122013/Profile Project LS/code_/code/source-code/arf.experiments.wifi/../arf.experiments.wifi/housedata/output/matlab/';
housename=' C';
addpath ../../input/matlab/
run ../../input/matlab/saveplot;