datavalues_of_tr= [0.29473063973063973, 0.4787878787878789];
datavalues_of_notr= [0.37764309764309767, 0.4558080808080809];
datavalues_hf_tr= [0.29473063973063973, 0.4787878787878789];
datavalues_hf_notr= [0.37764309764309767, 0.4558080808080809];
datapoints = [4, 9];
directory='./';
filename='plotB';
addpath ../../input/matlab/
run ../../input/matlab/saveplot;