datavalues_of_tr= [0.3547691197691198, 0.3791960816960817];
datavalues_of_notr= [0.3925252525252525, 0.3520876345876346];
datavalues_hf_tr= [0.3547691197691198, 0.37502941502941506];
datavalues_hf_notr= [0.3925252525252525, 0.3520876345876346];
datapoints = [4, 9];
directory='./';
filename='plotC';
addpath ../../input/matlab/
run ../../input/matlab/saveplot;