datavalues_of_tr= [0.40779220779220776, 0.45519480519480515, 0.5151515151515151, 0.6214580873671782, 0.6802519973251682];
datavalues_of_notr= [0.3577922077922078, 0.5274891774891775, 0.6057449494949495, 0.7273088023088022, 0.6900573681061488];
datavalues_hf_tr= [0.3577922077922078, 0.45519480519480515, 0.4353535353535353, 0.5895661157024793, 0.6963027487417731];
datavalues_hf_notr= [0.3577922077922078, 0.5274891774891775, 0.6057449494949495, 0.7273088023088022, 0.6900573681061488];
datapoints = [1 2 5 10 20 ];
directory='/run/media/root/ss-ntfs/3.Documents/huiswerk_20122013/Profile Project LS/code_/code/source-code/arf.experiments.wifi/../arf.experiments.wifi/housedata/output/matlab/';
housename=' A';
addpath ../../input/matlab/
run ../../input/matlab/saveplot;