datavalues_of_tr= [0.21071428571428572, 0.18511904761904763, 0.18035714285714285, 0.18607142857142855, ];
datavalues_of_notr= [0.12142857142857143, 0.16428571428571428, 0.22351190476190474, 0.2253571428571429, ];
datavalues_hf_tr= [0.12142857142857143, 0.18511904761904763, 0.20119047619047623, 0.17357142857142854, ];
datavalues_hf_notr= [0.12142857142857143, 0.16428571428571428, 0.22351190476190474, 0.2253571428571429, ];
datapoints = [1 2 5 10 ];
directory='/run/media/root/ss-ntfs/3.Documents/huiswerk_20122013/Profile Project LS/code_/code/source-code/arf.experiments.wifi/../arf.experiments.wifi/housedata/output/matlab/';
housename=' B';
addpath ../../input/matlab/
run ../../input/matlab/saveplot;