datavalues_of_tr= [NaN, NaN, NaN, NaNNaN];datavalues_of_notr= [NaN, NaN, NaN, NaNNaN];datavalues_hf_tr= [33.24786324786325, 33.576978576978576, 27.38072113072113, 39.3188503415776145.87228131345779];datavalues_hf_notr= [35.74786324786325, 38.021423021423026, 33.224876974876985, 44.1807182716273743.747592277004046];